1157626703737274368
1148433188314689536
828992439108501615
696438855775289454
456226577798135808
1150875539628904468
1153362391103447040
982286573074780161
1165724368664539328
1166069877321236541
1133766951265636393
354678421424701451
382909837820035074
966072598452666428
717350047133728781
1115454678382166016
1112418181429084263
1115935200841584651
852601226390274158
720314989230948523
1166513328944857240
1166095244018843760
589351040370081807
1140676252118810755
1162813362267242496
1141834441694650398
1168272205273104528
1152861665260474368
1143790921150902333
973599526906630294
745029420946948216
1069299244198002778
1172280767116750899
1128755583718264924
1082019417036181606
1192905542218305579
1175044571915370546
1118958938684145774
1187696903073312888
1134994175885053983
1119944745863614534
1190106378497441792
1104296377984495616
1195476284088791191
1191320599449063525
1198624230661693450
1166173308732055625
1033122142918811740
1085885910773678150
1203823110814568508
1187979849944531015
1186949020548091927
1187851445026955264
956287613914984518
1196286570198749216
1101049336202280971
1034552351165526146
1186858620936278110
589580370866077697
1026791140797730866
1204810966814953472
1209943323780063283
1083775739385626716
1129881669302759564
1206762150396301383
1139552203355476033
929669157354602547
1045625906934333461
1221616870386307102
1076954057656242286
1185942902216597605
1211502746604408892
1069167507224662076
1194946361272049745
1128352818303090839
1292505150883233803
1121559512273387624
399191251422806016
1027268640388685916
1121544799275733132
1289242524883620022
1277372472945152092
1296112801852428341
1296974691436597249
1294271043267203083
1235101460887506990
1245791723737845820
315574411027677186
1201261732862111835
1297286845373349928
1177757522149519415
1219791093416067114
1296987718525517826
1275107845645275229
720659855433793628
1190453101015081023
1292035849793572900
893981943899766794
1031723710266224730
1295147184508899349
1262035490358562849
935585735929655346
1289023032513527912
1271213524525383858
1263216804269129791
1246746290218598460
1215331171932573746
1297849398155546688
1298437973234290825
640201952159858710
1261125731166064693
1218908159498780726
1298700114440884335
731120215928340533
1144977875758485514
474185165405683722
935442727745781810
704452121432555591
1088342669043970190
1291533632980123749
1182789752441819136
1077615776409849906
1279568406093234239
1295825489394405498
1178789881489670247
1022863710907277422
1290952132953903155
1264324071097630760
1091107347407044669
1109623467965427722
1118637538853261362
1294005562203176994
1227744782319882324
567690944099516419
1298395763906449428
1232673756611084288
1266071854649708615
1037492361728626708
863405828489216010
997889548497465364
431218905390907392
1298275194426757191
1299717316963209227
1134540756628017252
1145801154874327162
689841855453593685
599986130921848833
1300138563500904448
1267154587085967443
1300247180115972208
1300253879128297553
1289076956213809235
1299351324227272755
1290187794479583256
1284869441875873878
531473746251350016
691660571036221441
1267875521283227791
757273808607379647
1103205288129077288
1300405765256777780